# Made in Blockbench 5.1.5
mtllib player_c.mtl

o Head
v 0.25 1.085505035831417 -0.2349231551964771
v -0.25 1.085505035831417 -0.2349231551964771
v -0.25 1.5553513462243713 -0.06391308353364278
v 0.25 1.5553513462243713 -0.06391308353364278
v 0.25 0.9144949641685829 0.2349231551964771
v 0.25 1.384341274561537 0.40593322685931144
v -0.25 0.9144949641685829 0.2349231551964771
v -0.25 1.384341274561537 0.40593322685931144
vt 0.125 0.75
vt 0.25 0.75
vt 0.25 0.875
vt 0.125 0.875
vt 0 0.75
vt 0.125 0.75
vt 0.125 0.875
vt 0 0.875
vt 0.375 0.75
vt 0.5 0.75
vt 0.5 0.875
vt 0.375 0.875
vt 0.25 0.75
vt 0.375 0.75
vt 0.375 0.875
vt 0.25 0.875
vt 0.25 1
vt 0.125 1
vt 0.125 0.875
vt 0.25 0.875
vt 0.375 0.875
vt 0.25 0.875
vt 0.25 1
vt 0.375 1
vn 0 0.34202014332566866 -0.9396926207859084
vn 1 0 0
vn 0 -0.34202014332566866 0.9396926207859084
vn -1 0 0
vn 0 0.9396926207859085 0.3420201433256685
vn 0 -0.9396926207859085 -0.3420201433256685
usemtl none
f 1/1/1 2/2/1 3/3/1 4/4/1
f 5/5/2 1/6/2 4/7/2 6/8/2
f 7/9/3 5/10/3 6/11/3 8/12/3
f 2/13/4 7/14/4 8/15/4 3/16/4
f 8/17/5 6/18/5 4/19/5 3/20/5
f 2/21/6 1/22/6 5/23/6 7/24/6
o Hat
v 0.28125 1.0668277709107847 -0.2749766790749639
v -0.28125 1.0668277709107847 -0.2749766790749639
v -0.28125 1.5954048701028585 -0.08259034845427526
v 0.28125 1.5954048701028585 -0.08259034845427526
v 0.28125 0.8744414402900962 0.2536004201171096
v 0.28125 1.4030185394821695 0.44598675073779825
v -0.28125 0.8744414402900962 0.2536004201171096
v -0.28125 1.4030185394821695 0.44598675073779825
vt 0.625 0.75
vt 0.75 0.75
vt 0.75 0.875
vt 0.625 0.875
vt 0.5 0.75
vt 0.625 0.75
vt 0.625 0.875
vt 0.5 0.875
vt 0.875 0.75
vt 1 0.75
vt 1 0.875
vt 0.875 0.875
vt 0.75 0.75
vt 0.875 0.75
vt 0.875 0.875
vt 0.75 0.875
vt 0.75 1
vt 0.625 1
vt 0.625 0.875
vt 0.75 0.875
vt 0.875 0.875
vt 0.75 0.875
vt 0.75 1
vt 0.875 1
vn 0 0.3420201433256686 -0.9396926207859085
vn 1 0 0
vn 0 -0.3420201433256688 0.9396926207859085
vn -1 0 0
vn 0 0.9396926207859083 0.34202014332566927
vn 0 -0.9396926207859086 -0.3420201433256686
usemtl none
f 9/25/7 10/26/7 11/27/7 12/28/7
f 13/29/8 9/30/8 12/31/8 14/32/8
f 15/33/9 13/34/9 14/35/9 16/36/9
f 10/37/10 15/38/10 16/39/10 11/40/10
f 16/41/11 14/42/11 12/43/11 11/44/11
f 10/45/12 9/46/12 13/47/12 15/48/12
o Body
v 0.25 0.25 -0.125
v -0.25 0.25 -0.125
v -0.25 1 -0.125
v 0.25 1 -0.125
v 0.25 0.25 0.125
v 0.25 1 0.125
v -0.25 0.25 0.125
v -0.25 1 0.125
vt 0.3125 0.5
vt 0.4375 0.5
vt 0.4375 0.6875
vt 0.3125 0.6875
vt 0.25 0.5
vt 0.3125 0.5
vt 0.3125 0.6875
vt 0.25 0.6875
vt 0.5 0.5
vt 0.625 0.5
vt 0.625 0.6875
vt 0.5 0.6875
vt 0.4375 0.5
vt 0.5 0.5
vt 0.5 0.6875
vt 0.4375 0.6875
vt 0.4375 0.75
vt 0.3125 0.75
vt 0.3125 0.6875
vt 0.4375 0.6875
vt 0.5625 0.6875
vt 0.4375 0.6875
vt 0.4375 0.75
vt 0.5625 0.75
vn 0 0 -1
vn 1 0 0
vn 0 0 1
vn -1 0 0
vn 0 1 0
vn 0 -1 0
usemtl none
f 17/49/13 18/50/13 19/51/13 20/52/13
f 21/53/14 17/54/14 20/55/14 22/56/14
f 23/57/15 21/58/15 22/59/15 24/60/15
f 18/61/16 23/62/16 24/63/16 19/64/16
f 24/65/17 22/66/17 20/67/17 19/68/17
f 18/69/18 17/70/18 21/71/18 23/72/18
o Body
v 0.265625 0.234375 -0.140625
v -0.265625 0.234375 -0.140625
v -0.265625 1.015625 -0.140625
v 0.265625 1.015625 -0.140625
v 0.265625 0.234375 0.140625
v 0.265625 1.015625 0.140625
v -0.265625 0.234375 0.140625
v -0.265625 1.015625 0.140625
vt 0.3125 0.25
vt 0.4375 0.25
vt 0.4375 0.4375
vt 0.3125 0.4375
vt 0.25 0.25
vt 0.3125 0.25
vt 0.3125 0.4375
vt 0.25 0.4375
vt 0.5 0.25
vt 0.625 0.25
vt 0.625 0.4375
vt 0.5 0.4375
vt 0.4375 0.25
vt 0.5 0.25
vt 0.5 0.4375
vt 0.4375 0.4375
vt 0.4375 0.5
vt 0.3125 0.5
vt 0.3125 0.4375
vt 0.4375 0.4375
vt 0.5625 0.4375
vt 0.4375 0.4375
vt 0.4375 0.5
vt 0.5625 0.5
vn 0 0 -1
vn 1 0 0
vn 0 0 1
vn -1 0 0
vn 0 1 0
vn 0 -1 0
usemtl none
f 25/73/19 26/74/19 27/75/19 28/76/19
f 29/77/20 25/78/20 28/79/20 30/80/20
f 31/81/21 29/82/21 30/83/21 32/84/21
f 26/85/22 31/86/22 32/87/22 27/88/22
f 32/89/23 30/90/23 28/91/23 27/92/23
f 26/93/24 25/94/24 29/95/24 31/96/24
o Right
v 0.6979153973325879 1.5107067762508382 0.1789966764787546
v 0.4629922421361108 1.5962118120822555 0.1789966764787546
v 0.20745325206990323 0.894124207085111 0.11362986941801095
v 0.44237640726638033 0.8086191712536936 0.11362986941801095
v 0.7053676522391402 1.5311816783306105 -0.07005199804418186
v 0.44982866217293266 0.829094073333466 -0.13541880510492546
v 0.4704444970426631 1.6166867141620278 -0.07005199804418186
v 0.21490550697645555 0.9145991091648833 -0.13541880510492546
vt 0.6875 0.5
vt 0.75 0.5
vt 0.75 0.6875
vt 0.6875 0.6875
vt 0.625 0.5
vt 0.6875 0.5
vt 0.6875 0.6875
vt 0.625 0.6875
vt 0.8125 0.5
vt 0.875 0.5
vt 0.875 0.6875
vt 0.8125 0.6875
vt 0.75 0.5
vt 0.8125 0.5
vt 0.8125 0.6875
vt 0.75 0.6875
vt 0.75 0.75
vt 0.6875 0.75
vt 0.6875 0.6875
vt 0.75 0.6875
vt 0.8125 0.6875
vt 0.75 0.6875
vt 0.75 0.75
vt 0.8125 0.75
vn -0.029809019626209216 -0.08189960831908935 0.9961946980917457
vn 0.9396926207859084 -0.3420201433256687 1.5728159515523044e-16
vn 0.02980901962620919 0.08189960831908928 -0.9961946980917457
vn -0.9396926207859084 0.34202014332566866 -1.619075244245019e-16
vn -0.3407186534216107 -0.936116806662859 -0.08715574274765812
vn 0.3407186534216106 0.936116806662859 0.08715574274765812
usemtl none
f 33/97/25 34/98/25 35/99/25 36/100/25
f 37/101/26 33/102/26 36/103/26 38/104/26
f 39/105/27 37/106/27 38/107/27 40/108/27
f 34/109/28 39/110/28 40/111/28 35/112/28
f 40/113/29 38/114/29 36/115/29 35/116/29
f 34/117/30 33/118/30 37/119/30 39/120/30
o Right
v 0.7174560575604209 1.518709855235496 0.1959240271168703
v 0.45316750796438415 1.6149030205458406 0.1959240271168703
v 0.18698105997875125 0.8835617653404817 0.12783360309526232
v 0.451269609574788 0.7873686000301372 0.12783360309526232
v 0.7258398443302922 1.54174412007524 -0.08425573172143322
v 0.4596533963446593 0.8104028648698811 -0.15234615574304114
v 0.46155129473425544 1.6379372853855845 -0.08425573172143322
v 0.19536484674862253 0.9065960301802256 -0.15234615574304114
vt 0.6875 0.25
vt 0.75 0.25
vt 0.75 0.4375
vt 0.6875 0.4375
vt 0.625 0.25
vt 0.6875 0.25
vt 0.6875 0.4375
vt 0.625 0.4375
vt 0.8125 0.25
vt 0.875 0.25
vt 0.875 0.4375
vt 0.8125 0.4375
vt 0.75 0.25
vt 0.8125 0.25
vt 0.8125 0.4375
vt 0.75 0.4375
vt 0.75 0.5
vt 0.6875 0.5
vt 0.6875 0.4375
vt 0.75 0.4375
vt 0.8125 0.4375
vt 0.75 0.4375
vt 0.75 0.5
vt 0.8125 0.5
vn -0.029809019626209212 -0.08189960831908932 0.9961946980917455
vn 0.9396926207859085 -0.3420201433256686 1.8553060322624832e-16
vn 0.029809019626209177 0.08189960831908927 -0.9961946980917455
vn -0.9396926207859085 0.3420201433256686 1.8553060322624832e-16
vn -0.3407186534216106 -0.9361168066628591 -0.0871557427476582
vn 0.3407186534216106 0.9361168066628589 0.08715574274765837
usemtl none
f 41/121/31 42/122/31 43/123/31 44/124/31
f 45/125/32 41/126/32 44/127/32 46/128/32
f 47/129/33 45/130/33 46/131/33 48/132/33
f 42/133/34 47/134/34 48/135/34 43/136/34
f 48/137/35 46/138/35 44/139/35 43/140/35
f 42/141/36 41/142/36 45/143/36 47/144/36
o Left
v -0.40581608031860145 1.5897418094844658 0.23163108016835768
v -0.6472975368908684 1.5250370482088353 0.23163108016835768
v -0.4561322852077344 0.8115986162856874 0.10139494691815965
v -0.21465082863546736 0.8763033775613176 0.10139494691815965
v -0.4170519442004884 1.6316746243585958 -0.014570858084694271
v -0.22588669251735433 0.9182361924354476 -0.14480699133489228
v -0.6585334007727555 1.5669698630829658 -0.014570858084694271
v -0.46736814908962143 0.8535314311598174 -0.14480699133489228
vt 0.5625 0
vt 0.625 0
vt 0.625 0.1875
vt 0.5625 0.1875
vt 0.5 0
vt 0.5625 0
vt 0.5625 0.1875
vt 0.5 0.1875
vt 0.6875 0
vt 0.75 0
vt 0.75 0.1875
vt 0.6875 0.1875
vt 0.625 0
vt 0.6875 0
vt 0.6875 0.1875
vt 0.625 0.1875
vt 0.625 0.25
vt 0.5625 0.25
vt 0.5625 0.1875
vt 0.625 0.1875
vt 0.6875 0.1875
vt 0.625 0.1875
vt 0.625 0.25
vt 0.6875 0.25
vn 0.044943455527548054 -0.16773125949652104 0.984807753012208
vn 0.9659258262890683 0.2588190451025208 -2.0354088784794546e-16
vn -0.044943455527547735 0.167731259496521 -0.984807753012208
vn -0.9659258262890684 -0.2588190451025207 -1.850371707708594e-17
vn 0.2548870022441788 -0.9512512425641979 -0.17364817766692997
vn -0.2548870022441797 0.9512512425641977 0.17364817766692994
usemtl none
f 49/145/37 50/146/37 51/147/37 52/148/37
f 53/149/38 49/150/38 52/151/38 54/152/38
f 55/153/39 53/154/39 54/155/39 56/156/39
f 50/157/40 55/158/40 56/159/40 51/160/40
f 56/161/41 54/162/41 52/163/41 51/164/41
f 50/165/42 49/166/42 53/167/42 55/168/42
o Left
v -0.39400385720028214 1.6060283567996252 0.2497319540852192
v -0.6656704958440827 1.5332355003645413 0.2497319540852192
v -0.46654002534081795 0.7900704671112617 0.1140693152829296
v -0.19487338669701745 0.8628633235463457 0.1140693152829296
v -0.406644204067405 1.6532027735330215 -0.0272452264494642
v -0.2075137335641403 0.9100377402797424 -0.16290786525175383
v -0.6783108427112055 1.5804099170979375 -0.0272452264494642
v -0.47918037220794074 0.8372448838446584 -0.16290786525175383
vt 0.8125 0
vt 0.875 0
vt 0.875 0.1875
vt 0.8125 0.1875
vt 0.75 0
vt 0.8125 0
vt 0.8125 0.1875
vt 0.75 0.1875
vt 0.9375 0
vt 1 0
vt 1 0.1875
vt 0.9375 0.1875
vt 0.875 0
vt 0.9375 0
vt 0.9375 0.1875
vt 0.875 0.1875
vt 0.875 0.25
vt 0.8125 0.25
vt 0.8125 0.1875
vt 0.875 0.1875
vt 0.9375 0.1875
vt 0.875 0.1875
vt 0.875 0.25
vt 0.9375 0.25
vn 0.04494345552754784 -0.16773125949652096 0.984807753012208
vn 0.9659258262890684 0.2588190451025208 -2.289526593004768e-16
vn -0.04494345552754788 0.16773125949652107 -0.984807753012208
vn -0.9659258262890682 -0.2588190451025209 7.894919286223343e-18
vn 0.25488700224417865 -0.9512512425641978 -0.17364817766693139
vn -0.25488700224417865 0.9512512425641979 0.17364817766692997
usemtl none
f 57/169/43 58/170/43 59/171/43 60/172/43
f 61/173/44 57/174/44 60/175/44 62/176/44
f 63/177/45 61/178/45 62/179/45 64/180/45
f 58/181/46 63/182/46 64/183/46 59/184/46
f 64/185/47 62/186/47 60/187/47 59/188/47
f 58/189/48 57/190/48 61/191/48 63/192/48
o Right
v 0.43568604442250186 -0.5123585073901499 -0.05915753020072456
v 0.19420458785023478 -0.5770632686657801 -0.05915753020072456
v 0.000828967478010173 0.1446243715085137 -0.1245243372614682
v 0.24231042405027725 0.2093291327841439 -0.1245243372614682
v 0.4300466528942144 -0.4913120116828076 0.18989114432221182
v 0.2366710325219898 0.2303756284914863 0.1245243372614682
v 0.18856519632194735 -0.5560167729584378 0.18989114432221182
v -0.00481042405027729 0.1656708672158561 0.1245243372614682
vt 0.0625 0.5
vt 0.125 0.5
vt 0.125 0.6875
vt 0.0625 0.6875
vt 0 0.5
vt 0.0625 0.5
vt 0.0625 0.6875
vt 0 0.6875
vt 0.1875 0.5
vt 0.25 0.5
vt 0.25 0.6875
vt 0.1875 0.6875
vt 0.125 0.5
vt 0.1875 0.5
vt 0.1875 0.6875
vt 0.125 0.6875
vt 0.125 0.75
vt 0.0625 0.75
vt 0.0625 0.6875
vt 0.125 0.6875
vt 0.1875 0.6875
vt 0.125 0.6875
vt 0.125 0.75
vt 0.1875 0.75
vn 0.022557566113149838 -0.08418598282936919 -0.9961946980917457
vn 0.9659258262890683 0.2588190451025207 2.3129646346357426e-17
vn -0.022557566113149834 0.08418598282936916 0.9961946980917457
vn -0.9659258262890683 -0.2588190451025207 8.326672684688672e-17
vn -0.25783416049629954 0.9622501868990583 -0.08715574274765861
vn 0.25783416049629954 -0.9622501868990583 0.08715574274765814
usemtl none
f 65/193/49 66/194/49 67/195/49 68/196/49
f 69/197/50 65/198/50 68/199/50 70/200/50
f 71/201/51 69/202/51 70/203/51 72/204/51
f 66/205/52 71/206/52 72/207/52 67/208/52
f 72/209/53 70/210/53 68/211/53 67/212/53
f 66/213/54 65/214/54 69/215/54 71/216/54
o Right
v 0.4551597561865412 -0.5246650249624296 -0.07336126387797592
v 0.18349311754274075 -0.5974578813975135 -0.07336126387797592
v -0.017939820344993224 0.1543000771173757 -0.14145168789958387
v 0.2537268182988073 0.22709293355245963 -0.14145168789958387
v 0.44881544071721785 -0.5009877172916696 0.2068184949603275
v 0.24738250282948387 0.2507702412232198 0.13872807093871956
v 0.17714880207341735 -0.5737805737267535 0.2068184949603275
v -0.024284135814316626 0.17797738478813585 0.13872807093871956
vt 0.0625 0.25
vt 0.125 0.25
vt 0.125 0.4375
vt 0.0625 0.4375
vt 0 0.25
vt 0.0625 0.25
vt 0.0625 0.4375
vt 0 0.4375
vt 0.1875 0.25
vt 0.25 0.25
vt 0.25 0.4375
vt 0.1875 0.4375
vt 0.125 0.25
vt 0.1875 0.25
vt 0.1875 0.4375
vt 0.125 0.4375
vt 0.125 0.5
vt 0.0625 0.5
vt 0.0625 0.4375
vt 0.125 0.4375
vt 0.1875 0.4375
vt 0.125 0.4375
vt 0.125 0.5
vt 0.1875 0.5
vn 0.022557566113149834 -0.08418598282936919 -0.9961946980917455
vn 0.9659258262890683 0.2588190451025206 -1.4605600679513168e-16
vn -0.022557566113149834 0.08418598282936918 0.9961946980917455
vn -0.9659258262890683 -0.2588190451025207 -4.736951571734001e-17
vn -0.2578341604962995 0.9622501868990584 -0.08715574274765849
vn 0.25783416049629954 -0.9622501868990584 0.0871557427476582
usemtl none
f 73/217/55 74/218/55 75/219/55 76/220/55
f 77/221/56 73/222/56 76/223/56 78/224/56
f 79/225/57 77/226/57 78/227/57 80/228/57
f 74/229/58 79/230/58 80/231/58 75/232/58
f 80/233/59 78/234/59 76/235/59 75/236/59
f 74/237/60 73/238/60 77/239/60 79/240/60
o Left
v -0.1248144047919146 -0.12923925903614208 -0.39197056822173426
v -0.3710163430449666 -0.08582721461940951 -0.39197056822173426
v -0.24090416573565865 0.6520756110657446 -0.35925602769773224
v 0.005297772517393329 0.6086635666490121 -0.35925602769773224
v -0.12670801157364922 -0.1399784367508985 -0.14220851282626978
v 0.003404165735658715 0.5979243889342554 -0.10949397230226779
v -0.3729099498267012 -0.09656639233416592 -0.14220851282626978
v -0.24279777251739332 0.6413364333509879 -0.10949397230226779
vt 0.3125 0
vt 0.375 0
vt 0.375 0.1875
vt 0.3125 0.1875
vt 0.25 0
vt 0.3125 0
vt 0.3125 0.1875
vt 0.25 0.1875
vt 0.4375 0
vt 0.5 0
vt 0.5 0.1875
vt 0.4375 0.1875
vt 0.375 0
vt 0.4375 0
vt 0.4375 0.1875
vt 0.375 0.1875
vt 0.375 0.25
vt 0.3125 0.25
vt 0.3125 0.1875
vt 0.375 0.1875
vt 0.4375 0.1875
vt 0.375 0.1875
vt 0.375 0.25
vt 0.4375 0.25
vn 0.007574427126938523 0.04295671085902566 -0.9990482215818578
vn 0.9848077530122081 -0.1736481776669303 -8.095376221225096e-18
vn -0.00757442712693852 -0.042956710859025644 0.9990482215818578
vn -0.9848077530122081 0.17364817766693036 6.707597440443655e-17
vn 0.17348290307907696 0.983870434246872 0.0436193873653373
vn -0.17348290307907718 -0.9838704342468719 -0.043619387365336014
usemtl none
f 81/241/61 82/242/61 83/243/61 84/244/61
f 85/245/62 81/246/62 84/247/62 86/248/62
f 87/249/63 85/250/63 86/251/63 88/252/63
f 82/253/64 87/254/64 88/255/64 83/256/64
f 88/257/65 86/258/65 84/259/65 83/260/65
f 82/261/66 81/262/66 85/263/66 87/264/66
o Left
v -0.11201910358785101 -0.14665428874012298 -0.4082622496115341
v -0.38899628412253456 -0.09781573877129879 -0.4082622496115341
v -0.25346276609200546 0.6708330379840699 -0.3741846032323654
v 0.023514414442678044 0.6219944880152457 -0.3741846032323654
v -0.11414941121730247 -0.15873586366922393 -0.12727993729163664
v 0.02138410681322661 0.6099129130861447 -0.0932022909124679
v -0.391126591751986 -0.10989731370039979 -0.12727993729163664
v -0.25559307372145695 0.6587514630549689 -0.0932022909124679
vt 0.0625 0
vt 0.125 0
vt 0.125 0.1875
vt 0.0625 0.1875
vt 0 0
vt 0.0625 0
vt 0.0625 0.1875
vt 0 0.1875
vt 0.1875 0
vt 0.25 0
vt 0.25 0.1875
vt 0.1875 0.1875
vt 0.125 0
vt 0.1875 0
vt 0.1875 0.1875
vt 0.125 0.1875
vt 0.125 0.25
vt 0.0625 0.25
vt 0.0625 0.1875
vt 0.125 0.1875
vt 0.1875 0.1875
vt 0.125 0.1875
vt 0.125 0.25
vt 0.1875 0.25
vn 0.007574427126938518 0.042956710859025596 -0.9990482215818578
vn 0.9848077530122081 -0.1736481776669303 1.7763568394002508e-17
vn -0.007574427126938519 -0.04295671085902564 0.9990482215818578
vn -0.9848077530122081 0.17364817766693033 1.1348946473946049e-16
vn 0.17348290307907735 0.9838704342468719 0.04361938736533612
vn -0.17348290307907732 -0.9838704342468719 -0.043619387365335945
usemtl none
f 89/265/67 90/266/67 91/267/67 92/268/67
f 93/269/68 89/270/68 92/271/68 94/272/68
f 95/273/69 93/274/69 94/275/69 96/276/69
f 90/277/70 95/278/70 96/279/70 91/280/70
f 96/281/71 94/282/71 92/283/71 91/284/71
f 90/285/72 89/286/72 93/287/72 95/288/72