# Made in Blockbench 5.1.5
mtllib player.mtl

o Head
v 0.27071824814034406 1.0261321158169134 -0.22589542413859237
v -0.22737910090552874 1.0261321158169134 -0.26947329551242144
v -0.23193422883271056 1.5233930635010502 -0.21740794505896435
v 0.26616312021316224 1.5233930635010502 -0.17383007368513528
v 0.22737910090552874 0.9738678841830866 0.26947329551242144
v 0.2228239729783469 1.4711288318672233 0.3215386459658785
v -0.27071824814034406 0.9738678841830866 0.22589542413859237
v -0.2752733760675259 1.4711288318672233 0.27796077459204943
vt 0.125 0.75
vt 0.25 0.75
vt 0.25 0.875
vt 0.125 0.875
vt 0 0.75
vt 0.125 0.75
vt 0.125 0.875
vt 0 0.875
vt 0.375 0.75
vt 0.5 0.75
vt 0.5 0.875
vt 0.375 0.875
vt 0.25 0.75
vt 0.375 0.75
vt 0.375 0.875
vt 0.25 0.875
vt 0.25 1
vt 0.125 1
vt 0.125 0.875
vt 0.25 0.875
vt 0.375 0.875
vt 0.25 0.875
vt 0.25 1
vt 0.375 1
vn 0.08667829446963063 0.10452846326765348 -0.9907374393020277
vn 0.9961946980917455 1.3877787807814454e-17 0.08715574274765818
vn -0.08667829446963063 -0.10452846326765343 0.9907374393020277
vn -0.9961946980917455 -1.3877787807814454e-17 -0.08715574274765818
vn -0.009110255854363663 0.9945218953682734 0.10413070090691444
vn 0.009110255854363663 -0.9945218953682734 -0.10413070090691444
usemtl none
f 1/1/1 2/2/1 3/3/1 4/4/1
f 5/5/2 1/6/2 4/7/2 6/8/2
f 7/9/3 5/10/3 6/11/3 8/12/3
f 2/13/4 7/14/4 8/15/4 3/16/4
f 8/17/5 6/18/5 4/19/5 3/20/5
f 2/21/6 1/22/6 5/23/6 7/24/6
o Hat
v 0.3048427246533359 0.9983198210637689 -0.25738643655925747
v -0.25551679302327096 0.9983198210637689 -0.3064115418548152
v -0.2606413119413505 1.5577383872084232 -0.24783802259467594
v 0.29971820573525637 1.5577383872084232 -0.19881291729911824
v 0.25608618401416866 0.939522560475714 0.299903373048133
v 0.25096166509608914 1.498941126620368 0.35847689230827223
v -0.3042733336624382 0.939522560475714 0.2508782677525753
v -0.3093978525805177 1.498941126620368 0.30945178701271453
vt 0.625 0.75
vt 0.75 0.75
vt 0.75 0.875
vt 0.625 0.875
vt 0.5 0.75
vt 0.625 0.75
vt 0.625 0.875
vt 0.5 0.875
vt 0.875 0.75
vt 1 0.75
vt 1 0.875
vt 0.875 0.875
vt 0.75 0.75
vt 0.875 0.75
vt 0.875 0.875
vt 0.75 0.875
vt 0.75 1
vt 0.625 1
vt 0.625 0.875
vt 0.75 0.875
vt 0.875 0.875
vt 0.75 0.875
vt 0.75 1
vt 0.875 1
vn 0.08667829446963062 0.10452846326765342 -0.9907374393020276
vn 0.9961946980917457 -4.386066270124072e-17 0.08715574274765818
vn -0.08667829446963062 -0.10452846326765339 0.9907374393020276
vn -0.9961946980917457 4.386066270124074e-17 -0.08715574274765818
vn -0.009110255854363647 0.9945218953682735 0.10413070090691426
vn 0.009110255854363612 -0.9945218953682734 -0.10413070090691386
usemtl none
f 9/25/7 10/26/7 11/27/7 12/28/7
f 13/29/8 9/30/8 12/31/8 14/32/8
f 15/33/9 13/34/9 14/35/9 16/36/9
f 10/37/10 15/38/10 16/39/10 11/40/10
f 16/41/11 14/42/11 12/43/11 11/44/11
f 10/45/12 9/46/12 13/47/12 15/48/12
o Body
v 0.25 0.25 -0.125
v -0.25 0.25 -0.125
v -0.25 1 -0.125
v 0.25 1 -0.125
v 0.25 0.25 0.125
v 0.25 1 0.125
v -0.25 0.25 0.125
v -0.25 1 0.125
vt 0.3125 0.5
vt 0.4375 0.5
vt 0.4375 0.6875
vt 0.3125 0.6875
vt 0.25 0.5
vt 0.3125 0.5
vt 0.3125 0.6875
vt 0.25 0.6875
vt 0.5 0.5
vt 0.625 0.5
vt 0.625 0.6875
vt 0.5 0.6875
vt 0.4375 0.5
vt 0.5 0.5
vt 0.5 0.6875
vt 0.4375 0.6875
vt 0.4375 0.75
vt 0.3125 0.75
vt 0.3125 0.6875
vt 0.4375 0.6875
vt 0.5625 0.6875
vt 0.4375 0.6875
vt 0.4375 0.75
vt 0.5625 0.75
vn 0 0 -1
vn 1 0 0
vn 0 0 1
vn -1 0 0
vn 0 1 0
vn 0 -1 0
usemtl none
f 17/49/13 18/50/13 19/51/13 20/52/13
f 21/53/14 17/54/14 20/55/14 22/56/14
f 23/57/15 21/58/15 22/59/15 24/60/15
f 18/61/16 23/62/16 24/63/16 19/64/16
f 24/65/17 22/66/17 20/67/17 19/68/17
f 18/69/18 17/70/18 21/71/18 23/72/18
o Body
v 0.265625 0.234375 -0.140625
v -0.265625 0.234375 -0.140625
v -0.265625 1.015625 -0.140625
v 0.265625 1.015625 -0.140625
v 0.265625 0.234375 0.140625
v 0.265625 1.015625 0.140625
v -0.265625 0.234375 0.140625
v -0.265625 1.015625 0.140625
vt 0.3125 0.25
vt 0.4375 0.25
vt 0.4375 0.4375
vt 0.3125 0.4375
vt 0.25 0.25
vt 0.3125 0.25
vt 0.3125 0.4375
vt 0.25 0.4375
vt 0.5 0.25
vt 0.625 0.25
vt 0.625 0.4375
vt 0.5 0.4375
vt 0.4375 0.25
vt 0.5 0.25
vt 0.5 0.4375
vt 0.4375 0.4375
vt 0.4375 0.5
vt 0.3125 0.5
vt 0.3125 0.4375
vt 0.4375 0.4375
vt 0.5625 0.4375
vt 0.4375 0.4375
vt 0.4375 0.5
vt 0.5625 0.5
vn 0 0 -1
vn 1 0 0
vn 0 0 1
vn -1 0 0
vn 0 1 0
vn 0 -1 0
usemtl none
f 25/73/19 26/74/19 27/75/19 28/76/19
f 29/77/20 25/78/20 28/79/20 30/80/20
f 31/81/21 29/82/21 30/83/21 32/84/21
f 26/85/22 31/86/22 32/87/22 27/88/22
f 32/89/23 30/90/23 28/91/23 27/92/23
f 26/93/24 25/94/24 29/95/24 31/96/24
o Right
v 0.5 0.9763949469181596 0.14480699133489233
v 0.5 0.2812011765757362 -0.23163108016835743
v 0.25 0.2812011765757362 -0.23163108016835743
v 0.25 1.0198069913348922 -0.1013949469181597
v 0.5 1.0198069913348922 -0.1013949469181597
v 0.5 0.23778913215900366 0.014570858084694549
v 0.25 0.23778913215900366 0.014570858084694549
v 0.25 0.9763949469181596 0.14480699133489233
vt 0.6875 0.5
vt 0.75 0.5
vt 0.75 0.6875
vt 0.6875 0.6875
vt 0.625 0.5
vt 0.6875 0.5
vt 0.6875 0.6875
vt 0.625 0.6875
vt 0.8125 0.5
vt 0.875 0.5
vt 0.875 0.6875
vt 0.8125 0.6875
vt 0.75 0.5
vt 0.8125 0.5
vt 0.8125 0.6875
vt 0.75 0.6875
vt 0.75 0.75
vt 0.6875 0.75
vt 0.6875 0.6875
vt 0.75 0.6875
vt 0.8125 0.6875
vt 0.75 0.6875
vt 0.75 0.75
vt 0.8125 0.75
vn 0 0.17364817766693033 -0.9848077530122081
vn 1 0 0
vn 0 -0.17364817766693041 0.9848077530122081
vn -1 0 0
vn 0 0.9848077530122081 0.17364817766693008
vn 0 -0.9848077530122081 -0.1736481776669301
usemtl none
f 34/97/25 35/98/25 36/99/25 37/100/25
f 38/101/26 34/102/26 37/103/26 33/104/26
f 39/105/27 38/106/27 33/107/27 40/108/27
f 35/109/28 39/110/28 40/111/28 36/112/28
f 40/113/29 33/114/29 37/115/29 36/116/29
f 35/117/30 34/118/30 38/119/30 39/120/30
o Right
v 0.515625 0.2685268082109663 -0.24973195408521898
v 0.234375 0.2685268082109663 -0.24973195408521898
v 0.234375 1.0379078652517537 -0.11406931528292966
v 0.515625 1.0379078652517537 -0.11406931528292966
v 0.515625 0.2196882582421421 0.027245226449464532
v 0.515625 0.9890693152829295 0.16290786525175383
v 0.234375 0.2196882582421421 0.027245226449464532
v 0.234375 0.9890693152829295 0.16290786525175383
vt 0.6875 0.25
vt 0.75 0.25
vt 0.75 0.4375
vt 0.6875 0.4375
vt 0.625 0.25
vt 0.6875 0.25
vt 0.6875 0.4375
vt 0.625 0.4375
vt 0.8125 0.25
vt 0.875 0.25
vt 0.875 0.4375
vt 0.8125 0.4375
vt 0.75 0.25
vt 0.8125 0.25
vt 0.8125 0.4375
vt 0.75 0.4375
vt 0.75 0.5
vt 0.6875 0.5
vt 0.6875 0.4375
vt 0.75 0.4375
vt 0.8125 0.4375
vt 0.75 0.4375
vt 0.75 0.5
vt 0.8125 0.5
vn 0 0.17364817766693036 -0.9848077530122081
vn 1 0 0
vn 0 -0.17364817766693033 0.9848077530122081
vn -1 0 0
vn 0 0.9848077530122081 0.1736481776669305
vn 0 -0.9848077530122081 -0.17364817766693047
usemtl none
f 41/121/31 42/122/31 43/123/31 44/124/31
f 45/125/32 41/126/32 44/127/32 46/128/32
f 47/129/33 45/130/33 46/131/33 48/132/33
f 42/133/34 47/134/34 48/135/34 43/136/34
f 48/137/35 46/138/35 44/139/35 43/140/35
f 42/141/36 41/142/36 45/143/36 47/144/36
o Left
v -0.25 0.2376687881891515 0.007676356669373829
v -0.5 0.2376687881891515 0.007676356669373829
v -0.5 0.9712794887395058 -0.1482574114439456
v -0.25 0.9712794887395058 -0.1482574114439456
v -0.25 0.2896467108935914 0.25221325685282525
v -0.25 1.0232574114439457 0.09627948873950581
v -0.5 0.2896467108935914 0.25221325685282525
v -0.5 1.0232574114439457 0.09627948873950581
vt 0.5625 0
vt 0.625 0
vt 0.625 0.1875
vt 0.5625 0.1875
vt 0.5 0
vt 0.5625 0
vt 0.5625 0.1875
vt 0.5 0.1875
vt 0.6875 0
vt 0.75 0
vt 0.75 0.1875
vt 0.6875 0.1875
vt 0.625 0
vt 0.6875 0
vt 0.6875 0.1875
vt 0.625 0.1875
vt 0.625 0.25
vt 0.5625 0.25
vt 0.5625 0.1875
vt 0.625 0.1875
vt 0.6875 0.1875
vt 0.625 0.1875
vt 0.625 0.25
vt 0.6875 0.25
vn 0 -0.20791169081775926 -0.9781476007338057
vn 1 0 0
vn 0 0.20791169081775926 0.9781476007338057
vn -1 0 0
vn 0 0.9781476007338057 -0.20791169081775962
vn 0 -0.9781476007338057 0.20791169081775962
usemtl none
f 49/145/37 50/146/37 51/147/37 52/148/37
f 53/149/38 49/150/38 52/151/38 54/152/38
f 55/153/39 53/154/39 54/155/39 56/156/39
f 50/157/40 55/158/40 56/159/40 51/160/40
f 56/161/41 54/162/41 52/163/41 51/164/41
f 50/165/42 49/166/42 53/167/42 55/168/42
o Left
v -0.234375 0.21913661175865828 -0.00435857942306439
v -0.515625 0.21913661175865828 -0.00435857942306439
v -0.515625 0.9833144248319441 -0.16678958787443882
v -0.234375 0.9833144248319441 -0.16678958787443882
v -0.234375 0.2776117748011532 0.27074543328331846
v -0.234375 1.0417895878744388 0.10831442483194403
v -0.515625 0.2776117748011532 0.27074543328331846
v -0.515625 1.0417895878744388 0.10831442483194403
vt 0.8125 0
vt 0.875 0
vt 0.875 0.1875
vt 0.8125 0.1875
vt 0.75 0
vt 0.8125 0
vt 0.8125 0.1875
vt 0.75 0.1875
vt 0.9375 0
vt 1 0
vt 1 0.1875
vt 0.9375 0.1875
vt 0.875 0
vt 0.9375 0
vt 0.9375 0.1875
vt 0.875 0.1875
vt 0.875 0.25
vt 0.8125 0.25
vt 0.8125 0.1875
vt 0.875 0.1875
vt 0.9375 0.1875
vt 0.875 0.1875
vt 0.875 0.25
vt 0.9375 0.25
vn 0 -0.2079116908177593 -0.9781476007338058
vn 1 0 0
vn 0 0.20791169081775934 0.9781476007338058
vn -1 0 0
vn 0 0.9781476007338057 -0.20791169081775884
vn 0 -0.9781476007338057 0.20791169081775965
usemtl none
f 57/169/43 58/170/43 59/171/43 60/172/43
f 61/173/44 57/174/44 60/175/44 62/176/44
f 63/177/45 61/178/45 62/179/45 64/180/45
f 58/181/46 63/182/46 64/183/46 59/184/46
f 64/185/47 62/186/47 60/187/47 59/188/47
f 58/189/48 57/190/48 61/191/48 63/192/48
o Right
v 0.2701999666043687 -0.5052460598913332 0.020403348601450627
v 0.020352259849594736 -0.5139709340669585 0.020403348601450627
v -0.005341461139268061 0.22180096795068138 -0.12270339793095797
v 0.24450624561550588 0.23052584212630667 -0.12270339793095797
v 0.2685351821281309 -0.4575728699683212 0.2658101444633666
v 0.24284146113926808 0.27819903204931873 0.122703397930958
v 0.018687475373356924 -0.4662977441439465 0.2658101444633666
v -0.007006245615505877 0.26947415787369344 0.122703397930958
vt 0.0625 0.5
vt 0.125 0.5
vt 0.125 0.6875
vt 0.0625 0.6875
vt 0 0.5
vt 0.0625 0.5
vt 0.0625 0.6875
vt 0 0.6875
vt 0.1875 0.5
vt 0.25 0.5
vt 0.25 0.6875
vt 0.1875 0.6875
vt 0.125 0.5
vt 0.1875 0.5
vt 0.1875 0.6875
vt 0.125 0.6875
vt 0.125 0.75
vt 0.0625 0.75
vt 0.0625 0.6875
vt 0.125 0.6875
vt 0.1875 0.6875
vt 0.125 0.6875
vt 0.125 0.75
vt 0.1875 0.75
vn 0.006659137904951252 -0.19069275969204794 -0.9816271834476641
vn 0.9993908270190958 0.03489949670250097 -4.163336342344337e-17
vn -0.0066591379049512536 0.1906927596920479 0.9816271834476641
vn -0.9993908270190958 -0.03489949670250097 1.1564823173178713e-18
vn -0.03425829465181723 0.9810292026901866 -0.19080899537654514
vn 0.03425829465181708 -0.9810292026901866 0.19080899537654486
usemtl none
f 65/193/49 66/194/49 67/195/49 68/196/49
f 69/197/50 65/198/50 68/199/50 70/200/50
f 71/201/51 69/202/51 70/203/51 72/204/51
f 66/205/52 71/206/52 72/207/52 67/208/52
f 72/209/53 70/210/53 68/211/53 67/212/53
f 66/213/54 65/214/54 69/215/54 71/216/54
o Right
v 0.2864547831602416 -0.5230089109175791 0.008046814412839387
v 0.005376113061120871 -0.5328243943651574 0.008046814412839387
v -0.021388179635611217 0.23360467023655074 -0.14102271322508625
v 0.2596904904635095 0.24342015368412917 -0.14102271322508625
v 0.284581900624474 -0.46937657225419055 0.2841294597574949
v 0.25781760792774194 0.29705249234751774 0.13505993211956924
v 0.00350323052535333 -0.4791920557017689 0.2841294597574949
v -0.02326106217137875 0.2872370088999393 0.13505993211956924
vt 0.0625 0.25
vt 0.125 0.25
vt 0.125 0.4375
vt 0.0625 0.4375
vt 0 0.25
vt 0.0625 0.25
vt 0.0625 0.4375
vt 0 0.4375
vt 0.1875 0.25
vt 0.25 0.25
vt 0.25 0.4375
vt 0.1875 0.4375
vt 0.125 0.25
vt 0.1875 0.25
vt 0.1875 0.4375
vt 0.125 0.4375
vt 0.125 0.5
vt 0.0625 0.5
vt 0.0625 0.4375
vt 0.125 0.4375
vt 0.1875 0.4375
vt 0.125 0.4375
vt 0.125 0.5
vt 0.1875 0.5
vn 0.0066591379049512475 -0.19069275969204796 -0.9816271834476641
vn 0.9993908270190959 0.034899496702501004 7.796232795145546e-17
vn -0.006659137904951251 0.19069275969204796 0.9816271834476641
vn -0.9993908270190959 -0.03489949670250097 -7.894919286223335e-18
vn -0.034258294651817185 0.9810292026901866 -0.19080899537654517
vn 0.03425829465181705 -0.9810292026901866 0.19080899537654486
usemtl none
f 73/217/55 74/218/55 75/219/55 76/220/55
f 77/221/56 73/222/56 76/223/56 78/224/56
f 79/225/57 77/226/57 78/227/57 80/228/57
f 74/229/58 79/230/58 80/231/58 75/232/58
f 80/233/59 78/234/59 76/235/59 75/236/59
f 74/237/60 73/238/60 77/239/60 79/240/60
o Left
v -0.018845588568762943 -0.4708255136549646 -0.2533371023767238
v -0.26869329532353686 -0.4621006394793393 -0.2533371023767238
v -0.24291632412690164 0.2760552365739267 -0.123100969126526
v 0.006931382627872268 0.26733036239830144 -0.123100969126526
v -0.020360647069733527 -0.5142111126271927 -0.0071351641236717805
v 0.005416324126901684 0.2239447634260734 0.12310096912652602
v -0.2702083538245075 -0.5054862384515675 -0.0071351641236717805
v -0.24443138262787226 0.23266963760169868 0.12310096912652602
vt 0.3125 0
vt 0.375 0
vt 0.375 0.1875
vt 0.3125 0.1875
vt 0.25 0
vt 0.3125 0
vt 0.3125 0.1875
vt 0.25 0.1875
vt 0.4375 0
vt 0.5 0
vt 0.5 0.1875
vt 0.4375 0.1875
vt 0.375 0
vt 0.4375 0
vt 0.4375 0.1875
vt 0.375 0.1875
vt 0.375 0.25
vt 0.3125 0.25
vt 0.3125 0.1875
vt 0.375 0.1875
vt 0.4375 0.1875
vt 0.375 0.1875
vt 0.375 0.25
vt 0.4375 0.25
vn 0.006060234003882343 0.1735423958889124 -0.9848077530122081
vn 0.9993908270190958 -0.03489949670250097 -3.4694469519536138e-18
vn -0.006060234003882339 -0.1735423958889124 0.9848077530122081
vn -0.9993908270190958 0.034899496702501 -1.0639637319324414e-16
vn 0.03436929492884712 0.984207834737688 0.17364817766693014
vn -0.034369294928846966 -0.984207834737688 -0.17364817766693036
usemtl none
f 81/241/61 82/242/61 83/243/61 84/244/61
f 85/245/62 81/246/62 84/247/62 86/248/62
f 87/249/63 85/250/63 86/251/63 88/252/63
f 82/253/64 87/254/64 88/255/64 83/256/64
f 88/257/65 86/258/65 84/259/65 83/260/65
f 82/261/66 81/262/66 85/263/66 87/264/66
o Left
v -0.003672435973542141 -0.48403746577295326 -0.27143797629358535
v -0.28475110607266285 -0.4742219823253749 -0.27143797629358535
v -0.25790009440950123 0.294690388563444 -0.13577533749129597
v 0.023178575689619528 0.28487490511586555 -0.13577533749129597
v -0.0053768767871340516 -0.5328462646167099 0.005539204241098189
v 0.021474134876027624 0.2360661062721089 0.14120184304338756
v -0.28645554688625474 -0.5230307811691315 0.005539204241098189
v -0.2596045352230931 0.24588158971968732 0.14120184304338756
vt 0.0625 0
vt 0.125 0
vt 0.125 0.1875
vt 0.0625 0.1875
vt 0 0
vt 0.0625 0
vt 0.0625 0.1875
vt 0 0.1875
vt 0.1875 0
vt 0.25 0
vt 0.25 0.1875
vt 0.1875 0.1875
vt 0.125 0
vt 0.1875 0
vt 0.1875 0.1875
vt 0.125 0.1875
vt 0.125 0.25
vt 0.0625 0.25
vt 0.0625 0.1875
vt 0.125 0.1875
vt 0.1875 0.1875
vt 0.125 0.1875
vt 0.125 0.25
vt 0.1875 0.25
vn 0.00606023400388234 0.17354239588891243 -0.9848077530122082
vn 0.9993908270190959 -0.03489949670250096 1.2829243840112918e-17
vn -0.006060234003882339 -0.17354239588891246 0.9848077530122082
vn -0.9993908270190959 0.034899496702500886 4.934324553889584e-17
vn 0.034369294928847056 0.984207834737688 0.17364817766693053
vn -0.034369294928846945 -0.984207834737688 -0.17364817766693033
usemtl none
f 89/265/67 90/266/67 91/267/67 92/268/67
f 93/269/68 89/270/68 92/271/68 94/272/68
f 95/273/69 93/274/69 94/275/69 96/276/69
f 90/277/70 95/278/70 96/279/70 91/280/70
f 96/281/71 94/282/71 92/283/71 91/284/71
f 90/285/72 89/286/72 93/287/72 95/288/72