# Made in Blockbench 5.1.5
mtllib player_b.mtl

o Head
v 0.25 0.5239614381300559 -0.2488490495917947
v -0.25 0.5239614381300559 -0.2488490495917947
v -0.25 1.0216595373136457 -0.20092617333168272
v 0.25 1.0216595373136457 -0.20092617333168272
v 0.25 0.4760385618699441 0.2488490495917947
v 0.25 0.9737366610535336 0.2967719258519067
v -0.25 0.4760385618699441 0.2488490495917947
v -0.25 0.9737366610535336 0.2967719258519067
vt 0.125 0.75
vt 0.25 0.75
vt 0.25 0.875
vt 0.125 0.875
vt 0 0.75
vt 0.125 0.75
vt 0.125 0.875
vt 0 0.875
vt 0.375 0.75
vt 0.5 0.75
vt 0.5 0.875
vt 0.375 0.875
vt 0.25 0.75
vt 0.375 0.75
vt 0.375 0.875
vt 0.25 0.875
vt 0.25 1
vt 0.125 1
vt 0.125 0.875
vt 0.25 0.875
vt 0.375 0.875
vt 0.25 0.875
vt 0.25 1
vt 0.375 1
vn 0 0.09584575252022391 -0.9953961983671789
vn 1 0 0
vn 0 -0.09584575252022395 0.9953961983671789
vn -1 0 0
vn 0 0.9953961983671789 0.09584575252022409
vn 0 -0.9953961983671789 -0.09584575252022365
usemtl none
f 1/1/1 2/2/1 3/3/1 4/4/1
f 5/5/2 1/6/2 4/7/2 6/8/2
f 7/9/3 5/10/3 6/11/3 8/12/3
f 2/13/4 7/14/4 8/15/4 3/16/4
f 8/17/5 6/18/5 4/19/5 3/20/5
f 2/21/6 1/22/6 5/23/6 7/24/6
o Hat
v 0.28125 0.4958504866973388 -0.28295036055702605
v -0.28125 0.4958504866973388 -0.28295036055702605
v -0.28125 1.0557608482788767 -0.22903712476440005
v 0.28125 1.0557608482788767 -0.22903712476440005
v 0.28125 0.4419372509047128 0.27696000102451207
v 0.28125 1.0018476124862508 0.33087323681713804
v -0.28125 0.4419372509047128 0.27696000102451207
v -0.28125 1.0018476124862508 0.33087323681713804
vt 0.625 0.75
vt 0.75 0.75
vt 0.75 0.875
vt 0.625 0.875
vt 0.5 0.75
vt 0.625 0.75
vt 0.625 0.875
vt 0.5 0.875
vt 0.875 0.75
vt 1 0.75
vt 1 0.875
vt 0.875 0.875
vt 0.75 0.75
vt 0.875 0.75
vt 0.875 0.875
vt 0.75 0.875
vt 0.75 1
vt 0.625 1
vt 0.625 0.875
vt 0.75 0.875
vt 0.875 0.875
vt 0.75 0.875
vt 0.75 1
vt 0.875 1
vn 0 0.09584575252022401 -0.9953961983671789
vn 1 0 0
vn 0 -0.09584575252022397 0.9953961983671789
vn -1 0 0
vn 0 0.9953961983671789 0.09584575252022394
vn 0 -0.9953961983671789 -0.09584575252022393
usemtl none
f 9/25/7 10/26/7 11/27/7 12/28/7
f 13/29/8 9/30/8 12/31/8 14/32/8
f 15/33/9 13/34/9 14/35/9 16/36/9
f 10/37/10 15/38/10 16/39/10 11/40/10
f 16/41/11 14/42/11 12/43/11 11/44/11
f 10/45/12 9/46/12 13/47/12 15/48/12
o Body
v 0.25 -0.25 -0.125
v -0.25 -0.25 -0.125
v -0.25 0.5 -0.125
v 0.25 0.5 -0.125
v 0.25 -0.25 0.125
v 0.25 0.5 0.125
v -0.25 -0.25 0.125
v -0.25 0.5 0.125
vt 0.3125 0.5
vt 0.4375 0.5
vt 0.4375 0.6875
vt 0.3125 0.6875
vt 0.25 0.5
vt 0.3125 0.5
vt 0.3125 0.6875
vt 0.25 0.6875
vt 0.5 0.5
vt 0.625 0.5
vt 0.625 0.6875
vt 0.5 0.6875
vt 0.4375 0.5
vt 0.5 0.5
vt 0.5 0.6875
vt 0.4375 0.6875
vt 0.4375 0.75
vt 0.3125 0.75
vt 0.3125 0.6875
vt 0.4375 0.6875
vt 0.5625 0.6875
vt 0.4375 0.6875
vt 0.4375 0.75
vt 0.5625 0.75
vn 0 0 -1
vn 1 0 0
vn 0 0 1
vn -1 0 0
vn 0 1 0
vn 0 -1 0
usemtl none
f 17/49/13 18/50/13 19/51/13 20/52/13
f 21/53/14 17/54/14 20/55/14 22/56/14
f 23/57/15 21/58/15 22/59/15 24/60/15
f 18/61/16 23/62/16 24/63/16 19/64/16
f 24/65/17 22/66/17 20/67/17 19/68/17
f 18/69/18 17/70/18 21/71/18 23/72/18
o Body
v 0.265625 -0.265625 -0.140625
v -0.265625 -0.265625 -0.140625
v -0.265625 0.515625 -0.140625
v 0.265625 0.515625 -0.140625
v 0.265625 -0.265625 0.140625
v 0.265625 0.515625 0.140625
v -0.265625 -0.265625 0.140625
v -0.265625 0.515625 0.140625
vt 0.3125 0.25
vt 0.4375 0.25
vt 0.4375 0.4375
vt 0.3125 0.4375
vt 0.25 0.25
vt 0.3125 0.25
vt 0.3125 0.4375
vt 0.25 0.4375
vt 0.5 0.25
vt 0.625 0.25
vt 0.625 0.4375
vt 0.5 0.4375
vt 0.4375 0.25
vt 0.5 0.25
vt 0.5 0.4375
vt 0.4375 0.4375
vt 0.4375 0.5
vt 0.3125 0.5
vt 0.3125 0.4375
vt 0.4375 0.4375
vt 0.5625 0.4375
vt 0.4375 0.4375
vt 0.4375 0.5
vt 0.5625 0.5
vn 0 0 -1
vn 1 0 0
vn 0 0 1
vn -1 0 0
vn 0 1 0
vn 0 -1 0
usemtl none
f 25/73/19 26/74/19 27/75/19 28/76/19
f 29/77/20 25/78/20 28/79/20 30/80/20
f 31/81/21 29/82/21 30/83/21 32/84/21
f 26/85/22 31/86/22 32/87/22 27/88/22
f 32/89/23 30/90/23 28/91/23 27/92/23
f 26/93/24 25/94/24 29/95/24 31/96/24
o Right
v 0.5 -0.0571624649477831 -0.46849290697966406
v 0.25 -0.0571624649477831 -0.46849290697966406
v 0.25 0.5496002808334275 -0.02765396776030926
v 0.5 0.5496002808334275 -0.02765396776030926
v 0.5 -0.20410877802090144 -0.2662386583859272
v 0.5 0.40265396776030915 0.1746002808334276
v 0.25 -0.20410877802090144 -0.2662386583859272
v 0.25 0.40265396776030915 0.1746002808334276
vt 0.6875 0.5
vt 0.75 0.5
vt 0.75 0.6875
vt 0.6875 0.6875
vt 0.625 0.5
vt 0.6875 0.5
vt 0.6875 0.6875
vt 0.625 0.6875
vt 0.8125 0.5
vt 0.875 0.5
vt 0.875 0.6875
vt 0.8125 0.6875
vt 0.75 0.5
vt 0.8125 0.5
vt 0.8125 0.6875
vt 0.75 0.6875
vt 0.75 0.75
vt 0.6875 0.75
vt 0.6875 0.6875
vt 0.75 0.6875
vt 0.8125 0.6875
vt 0.75 0.6875
vt 0.75 0.75
vt 0.8125 0.75
vn 0 0.5877852522924731 -0.8090169943749477
vn 1 0 0
vn 0 -0.5877852522924731 0.8090169943749477
vn -1 0 0
vn 0 0.8090169943749475 0.5877852522924734
vn 0 -0.8090169943749475 -0.5877852522924734
usemtl none
f 33/97/25 34/98/25 35/99/25 36/100/25
f 37/101/26 33/102/26 36/103/26 38/104/26
f 39/105/27 37/106/27 38/107/27 40/108/27
f 34/109/28 39/110/28 40/111/28 35/112/28
f 40/113/29 38/114/29 36/115/29 35/116/29
f 34/117/30 33/118/30 37/119/30 39/120/30
o Right
v 0.515625 -0.06061921091782185 -0.4903179420838425
v 0.234375 -0.06061921091782185 -0.4903179420838425
v 0.234375 0.5714253159376059 -0.031110713730348016
v 0.515625 0.5714253159376059 -0.031110713730348016
v 0.515625 -0.22593381312507987 -0.26278191241588855
v 0.515625 0.4061107137303477 0.19642531593760593
v 0.234375 -0.22593381312507987 -0.26278191241588855
v 0.234375 0.4061107137303477 0.19642531593760593
vt 0.6875 0.25
vt 0.75 0.25
vt 0.75 0.4375
vt 0.6875 0.4375
vt 0.625 0.25
vt 0.6875 0.25
vt 0.6875 0.4375
vt 0.625 0.4375
vt 0.8125 0.25
vt 0.875 0.25
vt 0.875 0.4375
vt 0.8125 0.4375
vt 0.75 0.25
vt 0.8125 0.25
vt 0.8125 0.4375
vt 0.75 0.4375
vt 0.75 0.5
vt 0.6875 0.5
vt 0.6875 0.4375
vt 0.75 0.4375
vt 0.8125 0.4375
vt 0.75 0.4375
vt 0.75 0.5
vt 0.8125 0.5
vn 0 0.587785252292473 -0.8090169943749476
vn 1 0 0
vn 0 -0.5877852522924731 0.8090169943749477
vn -1 0 0
vn 0 0.8090169943749471 0.5877852522924736
vn 0 -0.8090169943749476 -0.587785252292473
usemtl none
f 41/121/31 42/122/31 43/123/31 44/124/31
f 45/125/32 41/126/32 44/127/32 46/128/32
f 47/129/33 45/130/33 46/131/33 48/132/33
f 42/133/34 47/134/34 48/135/34 43/136/34
f 48/137/35 46/138/35 44/139/35 43/140/35
f 42/141/36 41/142/36 45/143/36 47/144/36
o Left
v -0.25 -0.0571624649477831 -0.46849290697966406
v -0.5 -0.0571624649477831 -0.46849290697966406
v -0.5 0.5496002808334275 -0.02765396776030926
v -0.25 0.5496002808334275 -0.02765396776030926
v -0.25 -0.20410877802090144 -0.2662386583859272
v -0.25 0.40265396776030915 0.1746002808334276
v -0.5 -0.20410877802090144 -0.2662386583859272
v -0.5 0.40265396776030915 0.1746002808334276
vt 0.5625 0
vt 0.625 0
vt 0.625 0.1875
vt 0.5625 0.1875
vt 0.5 0
vt 0.5625 0
vt 0.5625 0.1875
vt 0.5 0.1875
vt 0.6875 0
vt 0.75 0
vt 0.75 0.1875
vt 0.6875 0.1875
vt 0.625 0
vt 0.6875 0
vt 0.6875 0.1875
vt 0.625 0.1875
vt 0.625 0.25
vt 0.5625 0.25
vt 0.5625 0.1875
vt 0.625 0.1875
vt 0.6875 0.1875
vt 0.625 0.1875
vt 0.625 0.25
vt 0.6875 0.25
vn 0 0.5877852522924731 -0.8090169943749477
vn 1 0 0
vn 0 -0.5877852522924731 0.8090169943749477
vn -1 0 0
vn 0 0.8090169943749475 0.5877852522924734
vn 0 -0.8090169943749475 -0.5877852522924734
usemtl none
f 49/145/37 50/146/37 51/147/37 52/148/37
f 53/149/38 49/150/38 52/151/38 54/152/38
f 55/153/39 53/154/39 54/155/39 56/156/39
f 50/157/40 55/158/40 56/159/40 51/160/40
f 56/161/41 54/162/41 52/163/41 51/164/41
f 50/165/42 49/166/42 53/167/42 55/168/42
o Left
v -0.234375 -0.06061921091782185 -0.4903179420838425
v -0.515625 -0.06061921091782185 -0.4903179420838425
v -0.515625 0.5714253159376059 -0.031110713730348016
v -0.234375 0.5714253159376059 -0.031110713730348016
v -0.234375 -0.22593381312507987 -0.26278191241588855
v -0.234375 0.4061107137303477 0.19642531593760593
v -0.515625 -0.22593381312507987 -0.26278191241588855
v -0.515625 0.4061107137303477 0.19642531593760593
vt 0.8125 0
vt 0.875 0
vt 0.875 0.1875
vt 0.8125 0.1875
vt 0.75 0
vt 0.8125 0
vt 0.8125 0.1875
vt 0.75 0.1875
vt 0.9375 0
vt 1 0
vt 1 0.1875
vt 0.9375 0.1875
vt 0.875 0
vt 0.9375 0
vt 0.9375 0.1875
vt 0.875 0.1875
vt 0.875 0.25
vt 0.8125 0.25
vt 0.8125 0.1875
vt 0.875 0.1875
vt 0.9375 0.1875
vt 0.875 0.1875
vt 0.875 0.25
vt 0.9375 0.25
vn 0 0.587785252292473 -0.8090169943749476
vn 1 0 0
vn 0 -0.5877852522924731 0.8090169943749477
vn -1 0 0
vn 0 0.8090169943749471 0.5877852522924736
vn 0 -0.8090169943749476 -0.587785252292473
usemtl none
f 57/169/43 58/170/43 59/171/43 60/172/43
f 61/173/44 57/174/44 60/175/44 62/176/44
f 63/177/45 61/178/45 62/179/45 64/180/45
f 58/181/46 63/182/46 64/183/46 59/184/46
f 64/185/47 62/186/47 60/187/47 59/188/47
f 58/189/48 57/190/48 61/191/48 63/192/48
o Right
v 0.4699879719981374 -0.36288068124431616 -0.6764908268620166
v 0.23222384292434903 -0.36288068124431616 -0.7537450754557534
v 0.011804373314671573 -0.1311179354631058 -0.07536370256514802
v 0.24956850238845996 -0.1311179354631058 0.0018905460285888465
v 0.44611509629500584 -0.6006448103181046 -0.6030176703254575
v 0.2256956266853284 -0.3688820645368942 0.07536370256514802
v 0.20835096722121746 -0.6006448103181046 -0.6802719189191943
v -0.012068502388459995 -0.3688820645368942 -0.0018905460285888465
vt 0.0625 0.5
vt 0.125 0.5
vt 0.125 0.6875
vt 0.0625 0.6875
vt 0 0.5
vt 0.0625 0.5
vt 0.0625 0.6875
vt 0 0.6875
vt 0.1875 0.5
vt 0.25 0.5
vt 0.25 0.6875
vt 0.1875 0.6875
vt 0.125 0.5
vt 0.1875 0.5
vt 0.1875 0.6875
vt 0.125 0.6875
vt 0.125 0.75
vt 0.0625 0.75
vt 0.0625 0.6875
vt 0.125 0.6875
vt 0.1875 0.6875
vt 0.125 0.6875
vt 0.125 0.75
vt 0.1875 0.75
vn 0.09549150281252622 0.9510565162951536 -0.2938926261462363
vn 0.9510565162951536 -9.251858538542973e-17 0.3090169943749475
vn -0.09549150281252607 -0.9510565162951538 0.2938926261462363
vn -0.9510565162951536 -3.7007434154171876e-17 -0.30901699437494745
vn -0.2938926261462366 0.30901699437494756 0.9045084971874737
vn 0.2938926261462367 -0.3090169943749472 -0.9045084971874738
usemtl none
f 65/193/49 66/194/49 67/195/49 68/196/49
f 69/197/50 65/198/50 68/199/50 70/200/50
f 71/201/51 69/202/51 70/203/51 72/204/51
f 66/205/52 71/206/52 72/207/52 67/208/52
f 72/209/53 70/210/53 68/211/53 67/212/53
f 66/213/54 65/214/54 69/215/54 71/216/54
o Right
v 0.49093235708022986 -0.35284881371431287 -0.6903874538769972
v 0.22344771187221793 -0.35284881371431287 -0.7772984835449511
v -0.00615590230452942 -0.11142928685888542 -0.07065122011723723
v 0.2613287429034825 -0.11142928685888542 0.01625980955071682
v 0.4640753719142069 -0.6203334589223249 -0.6077301527733683
v 0.2344717577374595 -0.3789139320668974 0.09891711065434572
v 0.1965907267061949 -0.6203334589223249 -0.6946411824413222
v -0.03301288747055242 -0.3789139320668974 0.012006080986391665
vt 0.0625 0.25
vt 0.125 0.25
vt 0.125 0.4375
vt 0.0625 0.4375
vt 0 0.25
vt 0.0625 0.25
vt 0.0625 0.4375
vt 0 0.4375
vt 0.1875 0.25
vt 0.25 0.25
vt 0.25 0.4375
vt 0.1875 0.4375
vt 0.125 0.25
vt 0.1875 0.25
vt 0.1875 0.4375
vt 0.125 0.4375
vt 0.125 0.5
vt 0.0625 0.5
vt 0.0625 0.4375
vt 0.125 0.4375
vt 0.1875 0.4375
vt 0.125 0.4375
vt 0.125 0.5
vt 0.1875 0.5
vn 0.09549150281252619 0.9510565162951539 -0.2938926261462363
vn 0.9510565162951536 0 0.30901699437494745
vn -0.0954915028125262 -0.9510565162951536 0.2938926261462364
vn -0.9510565162951538 1.8947806286936004e-16 -0.30901699437494745
vn -0.2938926261462369 0.30901699437494695 0.9045084971874738
vn 0.29389262614623657 -0.30901699437494684 -0.904508497187474
usemtl none
f 73/217/55 74/218/55 75/219/55 76/220/55
f 77/221/56 73/222/56 76/223/56 78/224/56
f 79/225/57 77/226/57 78/227/57 80/228/57
f 74/229/58 79/230/58 80/231/58 75/232/58
f 80/233/59 78/234/59 76/235/59 75/236/59
f 74/237/60 73/238/60 77/239/60 79/240/60
o Left
v -0.23222384292434903 -0.36288068124431616 -0.7537450754557534
v -0.4699879719981374 -0.36288068124431616 -0.6764908268620166
v -0.24956850238845996 -0.1311179354631058 0.0018905460285888465
v -0.011804373314671573 -0.1311179354631058 -0.07536370256514802
v -0.20835096722121746 -0.6006448103181046 -0.6802719189191943
v 0.012068502388459995 -0.3688820645368942 -0.0018905460285888465
v -0.44611509629500584 -0.6006448103181046 -0.6030176703254575
v -0.2256956266853284 -0.3688820645368942 0.07536370256514802
vt 0.3125 0
vt 0.375 0
vt 0.375 0.1875
vt 0.3125 0.1875
vt 0.25 0
vt 0.3125 0
vt 0.3125 0.1875
vt 0.25 0.1875
vt 0.4375 0
vt 0.5 0
vt 0.5 0.1875
vt 0.4375 0.1875
vt 0.375 0
vt 0.4375 0
vt 0.4375 0.1875
vt 0.375 0.1875
vt 0.375 0.25
vt 0.3125 0.25
vt 0.3125 0.1875
vt 0.375 0.1875
vt 0.4375 0.1875
vt 0.375 0.1875
vt 0.375 0.25
vt 0.4375 0.25
vn -0.0954915028125262 0.9510565162951536 -0.2938926261462363
vn 0.9510565162951538 -4.6259292692714864e-17 -0.30901699437494745
vn 0.0954915028125261 -0.9510565162951538 0.2938926261462364
vn -0.9510565162951536 -1.1102230246251564e-16 0.30901699437494745
vn 0.2938926261462366 0.30901699437494756 0.9045084971874737
vn -0.2938926261462366 -0.30901699437494756 -0.9045084971874737
usemtl none
f 81/241/61 82/242/61 83/243/61 84/244/61
f 85/245/62 81/246/62 84/247/62 86/248/62
f 87/249/63 85/250/63 86/251/63 88/252/63
f 82/253/64 87/254/64 88/255/64 83/256/64
f 88/257/65 86/258/65 84/259/65 83/260/65
f 82/261/66 81/262/66 85/263/66 87/264/66
o Left
v -0.22344771187221793 -0.35284881371431287 -0.7772984835449511
v -0.49093235708022986 -0.35284881371431287 -0.6903874538769972
v -0.2613287429034825 -0.11142928685888542 0.01625980955071682
v 0.00615590230452942 -0.11142928685888542 -0.07065122011723723
v -0.1965907267061949 -0.6203334589223249 -0.6946411824413222
v 0.03301288747055242 -0.3789139320668974 0.012006080986391665
v -0.4640753719142069 -0.6203334589223249 -0.6077301527733683
v -0.2344717577374595 -0.3789139320668974 0.09891711065434572
vt 0.0625 0
vt 0.125 0
vt 0.125 0.1875
vt 0.0625 0.1875
vt 0 0
vt 0.0625 0
vt 0.0625 0.1875
vt 0 0.1875
vt 0.1875 0
vt 0.25 0
vt 0.25 0.1875
vt 0.1875 0.1875
vt 0.125 0
vt 0.1875 0
vt 0.1875 0.1875
vt 0.125 0.1875
vt 0.125 0.25
vt 0.0625 0.25
vt 0.0625 0.1875
vt 0.125 0.1875
vt 0.1875 0.1875
vt 0.125 0.1875
vt 0.125 0.25
vt 0.1875 0.25
vn -0.09549150281252619 0.9510565162951539 -0.2938926261462363
vn 0.9510565162951535 1.5789838572446664e-16 -0.3090169943749475
vn 0.0954915028125262 -0.9510565162951536 0.2938926261462364
vn -0.9510565162951536 0 0.30901699437494745
vn 0.2938926261462369 0.309016994374947 0.9045084971874738
vn -0.29389262614623657 -0.30901699437494684 -0.904508497187474
usemtl none
f 89/265/67 90/266/67 91/267/67 92/268/67
f 93/269/68 89/270/68 92/271/68 94/272/68
f 95/273/69 93/274/69 94/275/69 96/276/69
f 90/277/70 95/278/70 96/279/70 91/280/70
f 96/281/71 94/282/71 92/283/71 91/284/71
f 90/285/72 89/286/72 93/287/72 95/288/72